0:[[1, [2, 1]], [1, [1, 2]]]
1:[[1, [3, 1, 2]], [1, [2, 3, 1]], [1, [1, 2, 3]]]
2:[[-2, [3, 2, 1]], [2, [1, 2, 3]], [-3, [1, 2]]]
3:[[1, [4, 1, 2, 3]], [1, [3, 4, 1, 2]], [1, [2, 3, 4, 1]], [1, [1, 2, 3, 4]]]
4:[[1, [4, 3, 2, 1]], [1, [3, 4, 1, 2]], [1, [2, 1, 4, 3]], [1, [1, 2, 3, 4]]]
5:[[1, [4, 3, 1, 2]], [1, [3, 4, 2, 1]], [1, [2, 1, 4, 3]], [1, [1, 2, 3, 4]]]
6:[[1, [4, 3, 2, 1]], [1, [3, 1, 4, 2]], [1, [2, 4, 1, 3]], [1, [1, 2, 3, 4]]]
7:[[3, [3, 1, 4, 2]], [3, [2, 4, 1, 3]], [2, [3, 2, 1]], [2, [1, 2, 3]]]
8:[[-3, [4, 2, 3, 1]], [-3, [1, 3, 2, 4]], [2, [3, 2, 1]], [2, [1, 2, 3]]]
9:[[36, [5, 2, 3, 4, 1]], [-36, [1, 2, 3, 4, 5]], [15, [3, 4, 1, 2]], [10, [1, 2, 3]]]
10:[[-36, [5, 4, 3, 2, 1]], [36, [1, 4, 3, 2, 5]], [15, [2, 1, 4, 3]], [10, [3, 2, 1]]]
11:[[36, [5, 2, 4, 3, 1]], [-36, [1, 2, 4, 3, 5]], [15, [3, 4, 1, 2]], [10, [1, 2, 3]]]
12:[[-36, [5, 4, 2, 3, 1]], [36, [1, 4, 2, 3, 5]], [15, [2, 1, 4, 3]], [10, [3, 2, 1]]]
13:[[-36, [5, 3, 4, 2, 1]], [36, [1, 3, 4, 2, 5]], [15, [2, 1, 4, 3]], [10, [3, 2, 1]]]
14:[[36, [5, 3, 2, 4, 1]], [-36, [1, 3, 2, 4, 5]], [15, [3, 4, 1, 2]], [10, [1, 2, 3]]]
15:[[1, [5, 1, 2, 3, 4]], [1, [4, 5, 1, 2, 3]], [1, [3, 4, 5, 1, 2]], [1, [2, 3, 4, 5, 1]], [1, [1, 2, 3, 4, 5]]]
16:[[1, [5, 1, 4, 3, 2]], [1, [4, 5, 1, 2, 3]], [1, [3, 4, 2, 5, 1]], [1, [2, 3, 5, 1, 4]], [1, [1, 2, 3, 4, 5]]]
17:[[1, [5, 1, 4, 2, 3]], [1, [4, 5, 1, 3, 2]], [1, [3, 4, 2, 5, 1]], [1, [2, 3, 5, 1, 4]], [1, [1, 2, 3, 4, 5]]]
18:[[1, [5, 1, 4, 2, 3]], [1, [4, 5, 2, 3, 1]], [1, [3, 4, 5, 1, 2]], [1, [2, 3, 1, 5, 4]], [1, [1, 2, 3, 4, 5]]]
19:[[1, [5, 1, 4, 3, 2]], [1, [4, 5, 2, 1, 3]], [1, [3, 4, 5, 2, 1]], [1, [2, 3, 1, 5, 4]], [1, [1, 2, 3, 4, 5]]]
20:[[1, [5, 1, 4, 2, 3]], [1, [4, 5, 2, 3, 1]], [1, [3, 4, 1, 5, 2]], [1, [2, 3, 5, 1, 4]], [1, [1, 2, 3, 4, 5]]]
21:[[1, [5, 4, 2, 1, 3]], [1, [4, 5, 1, 3, 2]], [1, [3, 1, 5, 2, 4]], [1, [2, 3, 4, 5, 1]], [1, [1, 2, 3, 4, 5]]]
22:[[1, [5, 4, 1, 3, 2]], [1, [4, 5, 2, 1, 3]], [1, [3, 1, 5, 2, 4]], [1, [2, 3, 4, 5, 1]], [1, [1, 2, 3, 4, 5]]]
23:[[1, [5, 4, 2, 3, 1]], [1, [4, 5, 1, 2, 3]], [1, [3, 1, 4, 5, 2]], [1, [2, 3, 5, 1, 4]], [1, [1, 2, 3, 4, 5]]]
24:[[1, [5, 4, 1, 2, 3]], [1, [4, 5, 2, 3, 1]], [1, [3, 1, 4, 5, 2]], [1, [2, 3, 5, 1, 4]], [1, [1, 2, 3, 4, 5]]]
25:[[1, [5, 4, 2, 1, 3]], [1, [4, 1, 5, 3, 2]], [1, [3, 5, 1, 2, 4]], [1, [2, 3, 4, 5, 1]], [1, [1, 2, 3, 4, 5]]]
26:[[1, [5, 4, 1, 3, 2]], [1, [4, 1, 5, 2, 3]], [1, [3, 5, 2, 1, 4]], [1, [2, 3, 4, 5, 1]], [1, [1, 2, 3, 4, 5]]]
27:[[1, [5, 4, 1, 2, 3]], [1, [4, 1, 5, 3, 2]], [1, [3, 5, 2, 1, 4]], [1, [2, 3, 4, 5, 1]], [1, [1, 2, 3, 4, 5]]]
28:[[1, [5, 4, 2, 3, 1]], [1, [4, 1, 5, 2, 3]], [1, [3, 5, 4, 1, 2]], [1, [2, 3, 1, 5, 4]], [1, [1, 2, 3, 4, 5]]]
29:[[1, [5, 4, 2, 1, 3]], [1, [4, 1, 5, 3, 2]], [1, [3, 5, 4, 2, 1]], [1, [2, 3, 1, 5, 4]], [1, [1, 2, 3, 4, 5]]]
30:[[1, [5, 4, 1, 3, 2]], [1, [4, 1, 2, 5, 3]], [1, [3, 5, 4, 2, 1]], [1, [2, 3, 5, 1, 4]], [1, [1, 2, 3, 4, 5]]]
31:[[1, [5, 4, 2, 3, 1]], [1, [4, 3, 1, 5, 2]], [1, [3, 1, 5, 2, 4]], [1, [2, 5, 4, 1, 3]], [1, [1, 2, 3, 4, 5]]]
32:[[1, [5, 4, 2, 1, 3]], [1, [4, 3, 1, 5, 2]], [1, [3, 1, 5, 2, 4]], [1, [2, 5, 4, 3, 1]], [1, [1, 2, 3, 4, 5]]]
33:[[1, [5, 4, 1, 3, 2]], [1, [4, 3, 5, 2, 1]], [1, [3, 1, 2, 5, 4]], [1, [2, 5, 4, 1, 3]], [1, [1, 2, 3, 4, 5]]]
34:[[1, [5, 4, 1, 2, 3]], [1, [4, 3, 5, 1, 2]], [1, [3, 1, 2, 5, 4]], [1, [2, 5, 4, 3, 1]], [1, [1, 2, 3, 4, 5]]]
35:[[1, [5, 4, 1, 3, 2]], [1, [4, 3, 2, 5, 1]], [1, [3, 1, 5, 2, 4]], [1, [2, 5, 4, 1, 3]], [1, [1, 2, 3, 4, 5]]]
36:[[1, [5, 4, 2, 1, 3]], [1, [4, 3, 5, 2, 1]], [1, [3, 1, 4, 5, 2]], [1, [2, 5, 1, 3, 4]], [1, [1, 2, 3, 4, 5]]]
37:[[1, [5, 1, 2, 3, 4]], [1, [4, 3, 5, 2, 1]], [1, [3, 4, 1, 5, 2]], [1, [2, 5, 4, 1, 3]], [1, [1, 2, 3, 4, 5]]]
38:[[1, [5, 1, 2, 3, 4]], [1, [4, 3, 1, 5, 2]], [1, [3, 4, 5, 2, 1]], [1, [2, 5, 4, 1, 3]], [1, [1, 2, 3, 4, 5]]]
39:[[1, [5, 4, 2, 3, 1]], [1, [4, 3, 5, 1, 2]], [1, [3, 5, 1, 2, 4]], [1, [2, 1, 4, 5, 3]], [1, [1, 2, 3, 4, 5]]]
40:[[1, [5, 4, 2, 1, 3]], [1, [4, 3, 1, 5, 2]], [1, [3, 5, 4, 2, 1]], [1, [2, 1, 5, 3, 4]], [1, [1, 2, 3, 4, 5]]]
41:[[1, [5, 1, 2, 3, 4]], [1, [4, 3, 5, 2, 1]], [1, [3, 5, 4, 1, 2]], [1, [2, 4, 1, 5, 3]], [1, [1, 2, 3, 4, 5]]]
42:[[1, [5, 1, 2, 3, 4]], [1, [4, 3, 1, 5, 2]], [1, [3, 5, 4, 2, 1]], [1, [2, 4, 5, 1, 3]], [1, [1, 2, 3, 4, 5]]]
43:[[1, [5, 1, 4, 2, 3]], [1, [4, 3, 1, 5, 2]], [1, [3, 5, 2, 1, 4]], [1, [2, 4, 5, 3, 1]], [1, [1, 2, 3, 4, 5]]]
44:[[1, [5, 3, 2, 1, 4]], [1, [4, 5, 1, 2, 3]], [1, [3, 1, 4, 5, 2]], [1, [2, 4, 5, 3, 1]], [1, [1, 2, 3, 4, 5]]]
45:[[1, [5, 3, 1, 2, 4]], [1, [4, 5, 2, 3, 1]], [1, [3, 1, 4, 5, 2]], [1, [2, 4, 5, 1, 3]], [1, [1, 2, 3, 4, 5]]]
46:[[1, [5, 3, 4, 1, 2]], [1, [4, 5, 2, 3, 1]], [1, [3, 1, 5, 2, 4]], [1, [2, 4, 1, 5, 3]], [1, [1, 2, 3, 4, 5]]]
47:[[1, [5, 3, 4, 2, 1]], [1, [4, 5, 1, 3, 2]], [1, [3, 1, 2, 5, 4]], [1, [2, 4, 5, 1, 3]], [1, [1, 2, 3, 4, 5]]]
48:[[-3, [3, 1, 4, 2]], [-3, [2, 4, 1, 3]], [4, [2, 1, 3]], [4, [1, 3, 2]], [3, [2, 1]]]
49:[[-3, [2, 1, 4, 3]], [-4, [1, 3, 2, 4]], [-5, [1, 2, 3, 4]], [4, [3, 2, 1]], [6, [1, 2]]]
50:[[-4, [4, 2, 3, 1]], [2, [3, 4, 1, 2]], [5, [2, 1, 3, 4]], [5, [1, 2, 4, 3]], [4, [3, 2, 1]]]
51:[[36, [4, 1, 3, 5, 2]], [-36, [2, 5, 3, 1, 4]], [30, [2, 4, 1, 3]], [20, [1, 2, 3]], [15, [2, 1]]]
52:[[12, [5, 4, 3, 2, 1]], [-12, [1, 2, 3, 4, 5]], [15, [1, 2, 3, 4]], [-10, [1, 2, 3]], [5, [1, 2]]]
53:[[-24, [4, 5, 3, 1, 2]], [24, [2, 1, 3, 5, 4]], [15, [3, 2, 1, 4]], [15, [1, 4, 3, 2]], [5, [2, 1]]]
54:[[24, [4, 5, 3, 1, 2]], [-24, [2, 1, 3, 5, 4]], [15, [4, 1, 2, 3]], [15, [2, 3, 4, 1]], [5, [1, 2]]]