0:[[1, [2, 1]], [1, [1, 2]]]
1:[[-2, [3, 2, 1]], [2, [1, 2, 3]], [-3, [1, 2]]]
2:[[1, [3, 1, 2]], [1, [2, 3, 1]], [1, [1, 2, 3]]]
3:[[3, [3, 1, 4, 2]], [3, [2, 4, 1, 3]], [2, [3, 2, 1]], [2, [1, 2, 3]]]
4:[[3, [3, 4, 1, 2]], [3, [2, 1, 4, 3]], [2, [3, 2, 1]], [2, [1, 2, 3]]]
5:[[-3, [4, 2, 3, 1]], [-3, [1, 3, 2, 4]], [2, [3, 2, 1]], [2, [1, 2, 3]]]
6:[[-3, [4, 3, 2, 1]], [-3, [1, 2, 3, 4]], [2, [3, 2, 1]], [2, [1, 2, 3]]]
7:[[36, [5, 2, 3, 4, 1]], [-36, [1, 2, 3, 4, 5]], [15, [3, 4, 1, 2]], [10, [1, 2, 3]]]
8:[[-36, [5, 4, 3, 2, 1]], [36, [1, 4, 3, 2, 5]], [15, [2, 1, 4, 3]], [10, [3, 2, 1]]]
9:[[36, [5, 2, 4, 3, 1]], [-36, [1, 2, 4, 3, 5]], [15, [3, 4, 1, 2]], [10, [1, 2, 3]]]
10:[[-36, [5, 4, 2, 3, 1]], [36, [1, 4, 2, 3, 5]], [15, [2, 1, 4, 3]], [10, [3, 2, 1]]]
11:[[-36, [5, 3, 4, 2, 1]], [36, [1, 3, 4, 2, 5]], [15, [2, 1, 4, 3]], [10, [3, 2, 1]]]
12:[[36, [5, 3, 2, 4, 1]], [-36, [1, 3, 2, 4, 5]], [15, [3, 4, 1, 2]], [10, [1, 2, 3]]]
13:[[1, [4, 1, 2, 3]], [1, [3, 4, 1, 2]], [1, [2, 3, 4, 1]], [1, [1, 2, 3, 4]]]
14:[[1, [4, 3, 1, 2]], [1, [3, 4, 2, 1]], [1, [2, 1, 4, 3]], [1, [1, 2, 3, 4]]]
15:[[-3, [3, 1, 4, 2]], [-3, [2, 4, 1, 3]], [4, [2, 1, 3]], [4, [1, 3, 2]], [3, [2, 1]]]
16:[[-3, [2, 1, 4, 3]], [-4, [1, 3, 2, 4]], [-5, [1, 2, 3, 4]], [4, [3, 2, 1]], [6, [1, 2]]]
17:[[-4, [4, 2, 3, 1]], [2, [3, 4, 1, 2]], [5, [2, 1, 3, 4]], [5, [1, 2, 4, 3]], [4, [3, 2, 1]]]
18:[[36, [4, 1, 3, 5, 2]], [-36, [2, 5, 3, 1, 4]], [30, [2, 4, 1, 3]], [20, [1, 2, 3]], [15, [2, 1]]]
19:[[12, [5, 4, 3, 2, 1]], [-12, [1, 2, 3, 4, 5]], [15, [1, 2, 3, 4]], [-10, [1, 2, 3]], [5, [1, 2]]]
20:[[-24, [4, 5, 3, 1, 2]], [24, [2, 1, 3, 5, 4]], [15, [3, 2, 1, 4]], [15, [1, 4, 3, 2]], [5, [2, 1]]]
21:[[24, [4, 5, 3, 1, 2]], [-24, [2, 1, 3, 5, 4]], [15, [4, 1, 2, 3]], [15, [2, 3, 4, 1]], [5, [1, 2]]]
22:[[1, [5, 1, 2, 3, 4]], [1, [4, 5, 1, 2, 3]], [1, [3, 4, 5, 1, 2]], [1, [2, 3, 4, 5, 1]], [1, [1, 2, 3, 4, 5]]]
23:[[1, [5, 1, 4, 3, 2]], [1, [4, 5, 1, 2, 3]], [1, [3, 4, 2, 5, 1]], [1, [2, 3, 5, 1, 4]], [1, [1, 2, 3, 4, 5]]]
24:[[1, [5, 1, 4, 2, 3]], [1, [4, 5, 1, 3, 2]], [1, [3, 4, 2, 5, 1]], [1, [2, 3, 5, 1, 4]], [1, [1, 2, 3, 4, 5]]]
25:[[1, [5, 1, 4, 2, 3]], [1, [4, 5, 2, 3, 1]], [1, [3, 4, 5, 1, 2]], [1, [2, 3, 1, 5, 4]], [1, [1, 2, 3, 4, 5]]]
26:[[1, [5, 1, 4, 3, 2]], [1, [4, 5, 2, 1, 3]], [1, [3, 4, 5, 2, 1]], [1, [2, 3, 1, 5, 4]], [1, [1, 2, 3, 4, 5]]]
27:[[1, [5, 1, 4, 2, 3]], [1, [4, 5, 2, 3, 1]], [1, [3, 4, 1, 5, 2]], [1, [2, 3, 5, 1, 4]], [1, [1, 2, 3, 4, 5]]]
28:[[1, [5, 4, 2, 1, 3]], [1, [4, 5, 1, 3, 2]], [1, [3, 1, 5, 2, 4]], [1, [2, 3, 4, 5, 1]], [1, [1, 2, 3, 4, 5]]]
29:[[1, [5, 4, 1, 3, 2]], [1, [4, 5, 2, 1, 3]], [1, [3, 1, 5, 2, 4]], [1, [2, 3, 4, 5, 1]], [1, [1, 2, 3, 4, 5]]]
30:[[1, [5, 4, 2, 3, 1]], [1, [4, 5, 1, 2, 3]], [1, [3, 1, 4, 5, 2]], [1, [2, 3, 5, 1, 4]], [1, [1, 2, 3, 4, 5]]]
31:[[1, [5, 4, 1, 2, 3]], [1, [4, 5, 2, 3, 1]], [1, [3, 1, 4, 5, 2]], [1, [2, 3, 5, 1, 4]], [1, [1, 2, 3, 4, 5]]]
32:[[1, [5, 4, 2, 1, 3]], [1, [4, 1, 5, 3, 2]], [1, [3, 5, 1, 2, 4]], [1, [2, 3, 4, 5, 1]], [1, [1, 2, 3, 4, 5]]]
33:[[1, [5, 4, 1, 3, 2]], [1, [4, 1, 5, 2, 3]], [1, [3, 5, 2, 1, 4]], [1, [2, 3, 4, 5, 1]], [1, [1, 2, 3, 4, 5]]]
34:[[1, [5, 4, 1, 2, 3]], [1, [4, 1, 5, 3, 2]], [1, [3, 5, 2, 1, 4]], [1, [2, 3, 4, 5, 1]], [1, [1, 2, 3, 4, 5]]]
35:[[1, [5, 4, 2, 3, 1]], [1, [4, 1, 5, 2, 3]], [1, [3, 5, 4, 1, 2]], [1, [2, 3, 1, 5, 4]], [1, [1, 2, 3, 4, 5]]]
36:[[1, [5, 4, 2, 1, 3]], [1, [4, 1, 5, 3, 2]], [1, [3, 5, 4, 2, 1]], [1, [2, 3, 1, 5, 4]], [1, [1, 2, 3, 4, 5]]]
37:[[1, [5, 4, 1, 3, 2]], [1, [4, 1, 2, 5, 3]], [1, [3, 5, 4, 2, 1]], [1, [2, 3, 5, 1, 4]], [1, [1, 2, 3, 4, 5]]]
38:[[1, [5, 4, 2, 3, 1]], [1, [4, 3, 1, 5, 2]], [1, [3, 1, 5, 2, 4]], [1, [2, 5, 4, 1, 3]], [1, [1, 2, 3, 4, 5]]]
39:[[1, [5, 4, 2, 1, 3]], [1, [4, 3, 1, 5, 2]], [1, [3, 1, 5, 2, 4]], [1, [2, 5, 4, 3, 1]], [1, [1, 2, 3, 4, 5]]]
40:[[1, [5, 4, 1, 3, 2]], [1, [4, 3, 5, 2, 1]], [1, [3, 1, 2, 5, 4]], [1, [2, 5, 4, 1, 3]], [1, [1, 2, 3, 4, 5]]]
41:[[1, [5, 4, 1, 2, 3]], [1, [4, 3, 5, 1, 2]], [1, [3, 1, 2, 5, 4]], [1, [2, 5, 4, 3, 1]], [1, [1, 2, 3, 4, 5]]]
42:[[1, [5, 4, 1, 3, 2]], [1, [4, 3, 2, 5, 1]], [1, [3, 1, 5, 2, 4]], [1, [2, 5, 4, 1, 3]], [1, [1, 2, 3, 4, 5]]]
43:[[1, [5, 4, 2, 1, 3]], [1, [4, 3, 5, 2, 1]], [1, [3, 1, 4, 5, 2]], [1, [2, 5, 1, 3, 4]], [1, [1, 2, 3, 4, 5]]]
44:[[1, [5, 1, 2, 3, 4]], [1, [4, 3, 5, 2, 1]], [1, [3, 4, 1, 5, 2]], [1, [2, 5, 4, 1, 3]], [1, [1, 2, 3, 4, 5]]]
45:[[1, [5, 1, 2, 3, 4]], [1, [4, 3, 1, 5, 2]], [1, [3, 4, 5, 2, 1]], [1, [2, 5, 4, 1, 3]], [1, [1, 2, 3, 4, 5]]]
46:[[1, [5, 4, 2, 3, 1]], [1, [4, 3, 5, 1, 2]], [1, [3, 5, 1, 2, 4]], [1, [2, 1, 4, 5, 3]], [1, [1, 2, 3, 4, 5]]]
47:[[1, [5, 4, 2, 1, 3]], [1, [4, 3, 1, 5, 2]], [1, [3, 5, 4, 2, 1]], [1, [2, 1, 5, 3, 4]], [1, [1, 2, 3, 4, 5]]]
48:[[1, [5, 1, 2, 3, 4]], [1, [4, 3, 5, 2, 1]], [1, [3, 5, 4, 1, 2]], [1, [2, 4, 1, 5, 3]], [1, [1, 2, 3, 4, 5]]]
49:[[1, [5, 1, 2, 3, 4]], [1, [4, 3, 1, 5, 2]], [1, [3, 5, 4, 2, 1]], [1, [2, 4, 5, 1, 3]], [1, [1, 2, 3, 4, 5]]]
50:[[1, [5, 1, 4, 2, 3]], [1, [4, 3, 1, 5, 2]], [1, [3, 5, 2, 1, 4]], [1, [2, 4, 5, 3, 1]], [1, [1, 2, 3, 4, 5]]]
51:[[1, [5, 3, 2, 1, 4]], [1, [4, 5, 1, 2, 3]], [1, [3, 1, 4, 5, 2]], [1, [2, 4, 5, 3, 1]], [1, [1, 2, 3, 4, 5]]]
52:[[1, [5, 3, 1, 2, 4]], [1, [4, 5, 2, 3, 1]], [1, [3, 1, 4, 5, 2]], [1, [2, 4, 5, 1, 3]], [1, [1, 2, 3, 4, 5]]]
53:[[1, [5, 3, 4, 1, 2]], [1, [4, 5, 2, 3, 1]], [1, [3, 1, 5, 2, 4]], [1, [2, 4, 1, 5, 3]], [1, [1, 2, 3, 4, 5]]]
54:[[1, [5, 3, 4, 2, 1]], [1, [4, 5, 1, 3, 2]], [1, [3, 1, 2, 5, 4]], [1, [2, 4, 5, 1, 3]], [1, [1, 2, 3, 4, 5]]]